0.527515172958	-5.40659809113	0.0311146043241	0
0.602312803268	-5.40633678436	0.0312778837979	0
0.660324752331	-5.40614891052	0.0303962938488	0
0.735315442085	-5.40589189529	0.0300367921591	0
0.823017179966	-5.4055519104	0.0299164336175	0
0.896659314632	-5.40523910522	0.0299195051193	0
0.979920625687	-5.40486717224	0.0299625098705	0
1.03694880009	-5.40460395813	0.0299847833812	0
1.15487968922	-5.40401792526	0.0306997001171	0
1.21254599094	-5.40372610092	0.0310158785433	0
1.26518297195	-5.40345716476	0.0312162190676	0
1.31913995743	-5.40317964554	0.0313605181873	0
1.39225435257	-5.40280294418	0.0314909555018	0
1.46044075489	-5.40244817734	0.0315713360906	0
1.52822124958	-5.402094841	0.0313196070492	0
1.60417449474	-5.40170383453	0.0307155996561	0
1.68661916256	-5.40126657486	0.0304330438375	0
1.76491630077	-5.40082979202	0.0308103226125	0
1.81538331509	-5.40053987503	0.0310149602592	0
1.91869318485	-5.3999414444	0.0313528068364	0
2.01321768761	-5.39938926697	0.0315254256129	0
2.09655165672	-5.39889812469	0.031607337296	0
2.17709779739	-5.39841938019	0.0316475406289	0
2.24714541435	-5.39799976349	0.0316509380937	0
2.31168341637	-5.39760923386	0.0316284634173	0
2.37072706223	-5.39724969864	0.0315880328417	0
2.45131063461	-5.39675712585	0.0309552364051	0
2.55407381058	-5.39614152908	0.0301664918661	0
2.6173658371	-5.39572668076	0.0305252596736	0
2.67714214325	-5.39532136917	0.0310192592442	0
2.72964191437	-5.39496040344	0.031258687377	0
2.81117296219	-5.39439535141	0.0314606912434	0
2.87057924271	-5.39397907257	0.0315054506063	0
2.94861125946	-5.39343118668	0.0309411585331	0
3.01413440704	-5.39298439026	0.0304381251335	0
3.08134794235	-5.39248847961	0.0309908166528	0
3.14419293404	-5.39201927185	0.0312850400805	0
3.19999933243	-5.39159917831	0.0314036719501	0
3.26224207878	-5.39112758636	0.031433429569	0
3.31776618958	-5.39070510864	0.0314087234437	0
3.37561559677	-5.39026021957	0.0313578024507	0
3.4278216362	-5.38985729218	0.0313043147326	0
3.48798537254	-5.38938999176	0.0312445349991	0
3.5401263237	-5.38898181915	0.0311989821494	0
3.59707927704	-5.3885345459	0.0311576910317	0
3.65096855164	-5.38810920715	0.0311267636716	0
3.70534300804	-5.3876786232	0.0311025343835	0
3.75609254837	-5.38728713989	0.0304446220398	0
3.82072877884	-5.38680553436	0.0298260804266	0
3.89743733406	-5.3861656189	0.0303544811904	0
3.98653650284	-5.38537693024	0.0311247967184	0
4.05712985992	-5.38474750519	0.0313238613307	0
4.12134408951	-5.38417100906	0.0313520990312	0
4.17633581161	-5.38367509842	0.0313231274486	0
4.23330783844	-5.38315820694	0.031274266541	0
4.29038047791	-5.3826379776	0.0312231574208	0
4.35098600388	-5.38208246231	0.031175384298	0
4.40867233276	-5.38155221939	0.0311387069523	0
4.46656894684	-5.38101768494	0.0311102569103	0
4.52082490921	-5.38051509857	0.0310900043696	0
4.5730214119	-5.38002967834	0.0310753285885	0
4.62441682816	-5.37955188751	0.031064376235	0
4.67759799957	-5.37905502319	0.0310559459031	0
4.7279214859	-5.37858533859	0.0310499984771	0
4.78025960922	-5.37854337692	0.0310458149761	0
4.83134126663	-5.37849712372	0.0310413595289	0
4.85848522186	-5.41779947281	0.0311905778944	0
4.92507743835	-5.41757774353	0.0311860479414	0
4.97674465179	-5.39371490479	0.0312527567148	0
5.02836370468	-5.39318561554	0.0312355645001	0
5.08825874329	-5.39256858826	0.0311951097101	0
5.13975286484	-5.39203643799	0.0311601348221	0
5.19402599335	-5.3914732933	0.0311289336532	0
5.22398948669	-5.37099266052	0.0310330744833	0
5.27748632431	-5.37184715271	0.030963787809	0
5.32749271393	-5.37262153625	0.0310707036406	0
5.38286733627	-5.37347888947	0.0310688316822	0
5.43432712555	-5.37428092957	0.0305091999471	0
5.49645137787	-5.37524700165	0.0309586580843	0
5.56013727188	-5.37490606308	0.0311447475106	0
5.61220264435	-5.37097167969	0.0311234686524	0
5.66290092468	-5.36430883408	0.0310997702181	0
5.71644210815	-5.35412311554	0.03108016029	0
5.76888084412	-5.34089374542	0.031065735966	0
5.82083320618	-5.32688522339	0.0304578728974	0
5.87804555893	-5.30869436264	0.0310776121914	0
5.92510700226	-5.29027509689	0.0311705581844	0
5.97405433655	-5.26785135269	0.0311626978219	0
6.02250337601	-5.24206924438	0.0311321429908	0
6.07391929626	-5.21308326721	0.0302589945495	0
6.13777780533	-5.17768669128	0.0300135575235	0
6.18612766266	-5.15080690384	0.0307730212808	0
6.24760437012	-5.1166009903	0.0311861038208	0
6.29962110519	-5.08743238449	0.0313444882631	0
6.34366989136	-5.05917978287	0.0313420668244	0
6.39091062546	-5.02487277985	0.0312772504985	0
6.43055057526	-4.99232387543	0.0312220975757	0
6.47058343887	-4.95533370972	0.0311654154211	0
6.52065753937	-4.90867710114	0.030098259449	0
6.57525253296	-4.85784196854	0.030755251646	0
6.6211180687	-4.81313896179	0.0312246307731	0
6.65550613403	-4.77489233017	0.0312995612621	0
6.69639873505	-4.72674322128	0.0312493927777	0
6.73140144348	-4.68578863144	0.0312070846558	0
6.76932048798	-4.64126348495	0.0311640799046	0
6.8051276207	-4.59586620331	0.0311508458108	0
6.83472442627	-4.55307245255	0.0311086606234	0
6.86662387848	-4.50765609741	0.0307094156742	0
6.89655828476	-4.46322965622	0.0311138797551	0
6.92473840714	-4.41456985474	0.0311617217958	0
6.9504404068	-4.36324596405	0.0311369709671	0
6.97204256058	-4.31258869171	0.0311041567475	0
7.00022792816	-4.24598312378	0.0305018033832	0
7.02174091339	-4.19535112381	0.0310109723359	0
7.04558801651	-4.13915252686	0.0311773121357	0
7.06609296799	-4.08951091766	0.0312312394381	0
7.08396100998	-4.03667068481	0.0311702545732	0
7.09902000427	-3.98353791237	0.0311397723854	0
7.11161518097	-3.9337952137	0.0310974568129	0
7.12570667267	-3.88006639481	0.0300398692489	0
7.14377212524	-3.81055021286	0.0305469073355	0
7.16050338745	-3.74505996704	0.0311541706324	0
7.17065811157	-3.69205856323	0.0312964394689	0
7.17741775513	-3.64246225357	0.0312956236303	0
7.18182086945	-3.58571887016	0.0312505364418	0
7.18262386322	-3.52653312683	0.0311800725758	0
7.18323135376	-3.46583414078	0.0311340615153	0
7.18374919891	-3.40495944023	0.0303839817643	0
7.18435382843	-3.33499288559	0.0298241525888	0
7.18476295471	-3.28442001343	0.0297340359539	0
7.18520069122	-3.2271771431	0.0297163221985	0
7.1858625412	-3.13518047333	0.0297602470964	0
7.1865606308	-3.03215432167	0.0298857297748	0
7.18690776825	-2.97798037529	0.0303500760347	0
7.18723917007	-2.92552137375	0.0307206995785	0
7.18755722046	-2.87484645844	0.0310034900904	0
7.18814563751	-2.78060340881	0.0313463434577	0
7.18867492676	-2.69319581985	0.0316042564809	0
7.1917591095	-2.61637997627	0.031682819128	0
7.1947145462	-2.54674816132	0.0316610373557	0
7.19906949997	-2.45331764221	0.031605258584	0
7.20160531998	-2.4005446434	0.031555313617	0
7.20496082306	-2.33053708076	0.031478472054	0
7.20798587799	-2.26760458946	0.0314015410841	0
7.21060752869	-2.21288919449	0.0313365086913	0
7.21315479279	-2.15001773834	0.0313142612576	0
7.21406650543	-2.09597158432	0.0312194060534	0
7.2153263092	-2.03804731369	0.0311630815268	0
7.21654701233	-1.97951197624	0.0311270989478	0
7.21815299988	-1.90479969978	0.0299131460488	0
7.21943664551	-1.84266853333	0.0297536030412	0
7.22099971771	-1.76478695869	0.0297251455486	0
7.22286891937	-1.66911828518	0.0297794509679	0
7.22488117218	-1.56401562691	0.0298859886825	0
7.22595405579	-1.50750398636	0.0299594141543	0
7.22703027725	-1.45026373863	0.0304825697094	0
7.22807216644	-1.39417695999	0.0307937599719	0
7.22903776169	-1.34197688103	0.0310397911817	0
7.22999858856	-1.28987455368	0.0312341861427	0
7.23094367981	-1.23850011826	0.0313738808036	0
7.23261260986	-1.14750409126	0.0315306931734	0
7.23422527313	-1.0593110323	0.0316131822765	0
7.2359790802	-0.963106274605	0.0316528715193	0
7.23691558838	-0.911595821381	0.0316523350775	0
7.2380900383	-0.846858859062	0.0316292122006	0
7.23914146423	-0.788733363152	0.0315891578794	0
7.24008083344	-0.736629962921	0.0315403752029	0
7.24135065079	-0.666010260582	0.031460929662	0
7.24242925644	-0.605840921402	0.0313881933689	0
7.24338960648	-0.552124083042	0.0313247926533	0
7.24450302124	-0.489687293768	0.0312577448785	0
7.24539661407	-0.435424089432	0.0312420427799	0
7.24480438232	-0.379591196775	0.0311672873795	0
7.24456501007	-0.321202218533	0.0311245918274	0
7.24427127838	-0.257536441088	0.0299939364195	0
7.24403476715	-0.201635152102	0.029781928286	0
7.24377059937	-0.146074816585	0.0297241061926	0
7.24346256256	-0.0860738158226	0.029765330255	0
7.24298429489	-0.000393384485506	0.03060134314	0
7.24252939224	0.077275365591	0.0311566609889	0
7.24210691452	0.148133665323	0.0313987247646	0
7.24172639847	0.211300626397	0.0314983464777	0
7.24137639999	0.269026398659	0.0315205901861	0
7.24105787277	0.321041673422	0.0315027311444	0
7.24062919617	0.390347123146	0.0314452238381	0
7.24024486542	0.451985508204	0.0313784182072	0
7.23991394043	0.504514634609	0.031319335103	0
7.23952484131	0.566014587879	0.0312548354268	0
7.23917627335	0.620476424694	0.0312054120004	0
7.23881101608	0.677416324615	0.0311628356576	0
7.23844385147	0.736325502396	0.0304090045393	0
7.23798370361	0.811903595924	0.0298355855048	0
7.23729610443	0.909606635571	0.0306602083147	0
7.23664855957	0.997456789017	0.0312289968133	0
7.23627471924	1.04778862	0.0313497297466	0
7.23574590683	1.11855792999	0.0313850082457	0
7.23531341553	1.1760379076	0.0313541702926	0
7.2349114418	1.22896385193	0.031307131052	0
7.23444843292	1.28964340687	0.0312491543591	0
7.23404026031	1.34283542633	0.031202705577	0
7.23359489441	1.40061283112	0.031160376966	0
7.23313808441	1.45957016945	0.0311263650656	0
7.23274517059	1.51013684273	0.0311038084328	0
7.23234367371	1.5615272522	0.0310860946774	0
7.23194694519	1.6121673584	0.0310727693141	0
7.23149681091	1.6701785326	0.0305286496878	0
7.231133461	1.72033679485	0.0300076492131	0
7.23063087463	1.78205299377	0.0308463890105	0
7.23017692566	1.8363931179	0.0311379022896	0
7.22965240479	1.89894092083	0.0312127768993	0
7.22919559479	1.95306789875	0.0311991982162	0
7.22869634628	2.01200532913	0.0311644580215	0
7.22826004028	2.06322669983	0.031134955585	0
7.22780942917	2.11607885361	0.0311098098755	0
7.22735214233	2.16947460175	0.0310900807381	0
7.22690153122	2.22199416161	0.0310753695667	0
7.2266960144	2.27242279053	0.0310832858086	0
7.22988414764	2.3242650032	0.0310617238283	0
7.23535013199	2.38795256615	0.0299649685621	0
7.24011421204	2.44768118858	0.0307712778449	0
7.24430036545	2.49996042252	0.0311025716364	0
7.24926185608	2.561804533	0.0311969742179	0
7.25347566605	2.6143219471	0.031189488247	0
7.25564002991	2.66953825951	0.0311746001244	0
7.25750160217	2.72648000717	0.0311361625791	0
7.25719642639	2.78027415276	0.0310984011739	0
7.25733757019	2.83317375183	0.0310765728354	0
7.23674821854	2.8634057045	0.0310334637761	0
7.2777557373	2.93004488945	0.0310334451497	0
7.27805948257	2.98566508293	0.0309754386544	0
7.26331615448	3.01505064964	0.0310334805399	0
7.26360225677	3.06967830658	0.0297591686249	0
7.26387310028	3.13917040825	0.0305731669068	0
7.26409578323	3.2023806572	0.031084690243	0
7.26428842545	3.25865983963	0.0312254726887	0
7.26571178436	3.32162618637	0.0312893427908	0
7.26791572571	3.37440299988	0.0312113687396	0
7.27216434479	3.42994427681	0.0311921630055	0
7.27902078629	3.48552083969	0.0311531815678	0
7.28808450699	3.53808116913	0.0310967899859	0
7.29737520218	3.58900976181	0.031093031168	0
7.30915260315	3.63931465149	0.0310773737729	0
7.32410097122	3.69127655029	0.0310639999807	0
7.34170150757	3.74235200882	0.0303458739072	0
7.36597824097	3.79707789421	0.0308176465333	0
7.39055633545	3.84360694885	0.0311134196818	0
7.41961479187	3.89137005806	0.0311608687043	0
7.45224618912	3.93820333481	0.0311380922794	0
7.48648118973	3.98143601418	0.0311099924147	0
7.52006912231	4.01917362213	0.0310894213617	0
7.55866003036	4.05783557892	0.0310724638402	0
7.59791469574	4.09281921387	0.0310567542911	0
7.63620853424	4.12648105621	0.0310568064451	0
7.67451143265	4.15885925293	0.0310418810695	0
7.71607780457	4.19094991684	0.0301902405918	0
7.7653336525	4.22214412689	0.0308845080435	0
7.81847572327	4.25097513199	0.0311339311302	0
7.86538124084	4.27332448959	0.0311307292432	0
7.9131269455	4.29489660263	0.0311339292675	0
7.96043682098	4.31259298325	0.0311003960669	0
8.00981712341	4.32802724838	0.0310807842761	0
8.06005859375	4.34067153931	0.0310668498278	0
8.11105823517	4.35048055649	0.0310564991087	0
8.16140174866	4.3572602272	0.0310490354896	0
8.21507644653	4.3613653183	0.0310430675745	0
8.26568031311	4.36249065399	0.0309007763863	0
8.31994342804	4.36417293549	0.0310560967773	0
8.38253211975	4.3659992218	0.0303855743259	0
8.44569396973	4.36789131165	0.0310243610293	0
8.50062656403	4.36953544617	0.0311529003084	0
8.56121253967	4.37135076523	0.0311574917287	0
8.61165714264	4.37286376953	0.0311351194978	0
8.6644744873	4.37360954285	0.0311206486076	0
8.71853065491	4.37415361404	0.0310880411416	0
8.77848243713	4.37470531464	0.0303374994546	0
8.84237480164	4.37527608871	0.0298928543925	0
8.89554309845	4.37580680847	0.0306077599525	0
8.96615505219	4.37651538849	0.0311382804066	0
9.0252532959	4.37711238861	0.031266503036	0
9.07989120483	4.37766551971	0.0312784016132	0
9.13995170593	4.37827682495	0.0312444865704	0
9.19397258759	4.37882900238	0.0312032476068	0
9.25110244751	4.37941455841	0.0311626326293	0
9.30580043793	4.37994861603	0.0300931930542	0
9.35957050323	4.38050937653	0.0305906943977	0
9.4276676178	4.38123941422	0.031098075211	0
9.48888301849	4.38189792633	0.0312577858567	0
9.54109287262	4.38246202469	0.0312764197588	0
9.60259914398	4.38312911987	0.0312452316284	0
9.65722465515	4.38372468948	0.0312041081488	0
9.71664619446	4.38435745239	0.0303237736225	0
9.79298019409	4.38519096375	0.0306150019169	0
9.8641872406	4.3860001564	0.0311204493046	0
9.92681694031	4.38671541214	0.0312726199627	0
9.98042678833	4.38733053207	0.0312874466181	0
10.0415248871	4.38710308075	0.0312697589397	0
10.0955181122	4.38678407669	0.0312095358968	0
10.1530294418	4.38637399673	0.0311635136604	0
10.203956604	4.38600301743	0.0311325099319	0
10.260187149	4.38557815552	0.0304267928004	0
10.3231983185	4.38512420654	0.0310265999287	0
10.3771972656	4.38474082947	0.0311521403491	0
10.4366607666	4.38432121277	0.031155930832	0
10.4879322052	4.38396167755	0.0311333574355	0
10.5440816879	4.38356208801	0.0305677223951	0
10.606010437	4.38309574127	0.0299626290798	0
10.6833925247	4.38258981705	0.0308686122298	0
10.7368812561	4.38224601746	0.0311619061977	0
10.7873859406	4.3819231987	0.0312633216381	0
10.8489236832	4.38153219223	0.0312738679349	0
10.9021883011	4.38119697571	0.0312425866723	0
10.9611692429	4.38082838058	0.0311977416277	0
11.0130739212	4.38050603867	0.0311614610255	0
11.0673713684	4.38016986847	0.0311297811568	0
11.118727684	4.37985467911	0.0311063416302	0
11.1779460907	4.37949180603	0.0310856290162	0
11.2372875214	4.37912988663	0.0310704838485	0
11.2920026779	4.37623023987	0.0310680381954	0
11.3433876038	4.37024354935	0.0310563035309	0
11.3936424255	4.36385250092	0.0310439020395	0
11.4433851242	4.3573141098	0.0310480091721	0
11.4930124283	4.34738540649	0.0310410559177	0
11.5446872711	4.33369445801	0.0308172293007	0
11.5940036774	4.31710290909	0.0310808122158	0
11.6412734985	4.29816436768	0.0310963913798	0
11.6906404495	4.27502012253	0.0310805998743	0
11.7388057709	4.25191545486	0.0310585983098	0
11.7857761383	4.22837877274	0.0310524813831	0
11.8310642242	4.20454740524	0.0310519933701	0
11.8754253387	4.17710638046	0.0307892989367	0
11.9199352264	4.14563274384	0.0310635082424	0
11.9591217041	4.11441850662	0.0310666970909	0
12.0007677078	4.07711648941	0.0310561303049	0
12.0398178101	4.03745031357	0.0306735634804	0
12.0732326508	3.9983997345	0.0310618374497	0
12.1049909592	3.95664143562	0.0311136562377	0
12.1336517334	3.91417527199	0.0311000198126	0
12.1615161896	3.86728954315	0.0310811530799	0
12.1886434555	3.81443715096	0.0310653932393	0
12.2089729309	3.768201828	0.0310556218028	0
12.2269535065	3.72022843361	0.0310482438654	0
12.242307663	3.67095279694	0.0310427956283	0
12.2546291351	3.62184762955	0.0310392230749	0
12.2643442154	3.57010650635	0.0307838283479	0
12.2704753876	3.5194144249	0.0310720000416	0
12.275809288	3.46828556061	0.0310823917389	0
12.2813806534	3.41768932343	0.0310727469623	0
12.2863197327	3.36469697952	0.0310766920447	0
12.2895593643	3.30654668808	0.0310511812568	0
12.2914152145	3.25525093079	0.0310450475663	0
12.2926177979	3.205078125	0.0310408845544	0
12.2941007614	3.15337514877	0.0310387723148	0
12.2950944901	3.10308170319	0.031038267538	0
12.296163559	3.05091881752	0.031035842374	0
12.2972450256	2.99694681168	0.0308957286179	0
12.29829216	2.94591569901	0.0310739576817	0
12.2993555069	2.89413142204	0.0310835409909	0
12.3005161285	2.83707737923	0.0304296277463	0
12.3015861511	2.78458166122	0.0305948462337	0
12.302652359	2.73339319229	0.0310216899961	0
12.3038702011	2.67495584488	0.0311671867967	0
12.3051929474	2.61165571213	0.0311716161668	0
12.3065366745	2.54743170738	0.0311402529478	0
12.3076820374	2.49275398254	0.0311139449477	0
12.3088321686	2.4379491806	0.0310928374529	0
12.3099565506	2.38439655304	0.0310771912336	0
12.311044693	2.33267068863	0.0310657918453	0
12.3119382858	2.2809741497	0.0310664176941	0
12.3127965927	2.22546172142	0.0310496352613	0
12.3136081696	2.17289876938	0.0310451686382	0
12.3144350052	2.11936545372	0.0310418903828	0
12.31524086	2.06728601456	0.0310395862907	0
12.3160591125	2.01434993744	0.0310378838331	0
12.3166627884	1.96414911747	0.0310364700854	0
12.3173274994	1.91358804703	0.0310356598347	0
12.3245754242	1.91709721088	0.0310334153473	0
12.3241233826	1.86041939259	0.0309811290354	0
12.3237037659	1.80487883091	0.0310730747879	0
12.3233137131	1.75326025486	0.0310682505369	0
12.321428299	1.70107913017	0.0310691576451	0
12.3161916733	1.64978194237	0.0310559682548	0
12.3077602386	1.59716558456	0.0310482326895	0
12.2956819534	1.54389500618	0.0310328211635	0
12.2817993164	1.49565780163	0.0309856832027	0
12.2555484772	1.42525887489	0.0307683255523	0
12.2298326492	1.37173473835	0.0311302859336	0
12.1982526779	1.31619548798	0.0311876311898	0
12.1632757187	1.26361656189	0.031156828627	0
12.1319475174	1.22240376472	0.0311259441078	0
12.0988025665	1.18352711201	0.0311012156308	0
12.060710907	1.14374482632	0.0310810394585	0
12.0207939148	1.10674154758	0.0310663785785	0
11.9808330536	1.07378780842	0.0310561340302	0
11.9412736893	1.04132986069	0.0310438834131	0
11.9018440247	1.00879299641	0.0310410261154	0
11.8641757965	0.975886702538	0.0310421958566	0
11.8278369904	0.940776705742	0.0310372374952	0
11.7919197083	0.905019760132	0.0310377180576	0
11.7511749268	0.858404040337	0.0306946784258	0
11.7129135132	0.813346147537	0.031072922051	0
11.679265976	0.773413777351	0.0311206877232	0
11.6465272903	0.732734024525	0.0311338752508	0
11.6174602509	0.691334307194	0.0311004631221	0
11.5889921188	0.645551502705	0.0310798920691	0
11.5631332397	0.597934126854	0.0310655087233	0
11.5400447845	0.548662543297	0.0310550834984	0
11.5212039948	0.501575708389	0.0310478769243	0
11.5049295425	0.453222334385	0.0310425646603	0
11.490893364	0.403910160065	0.0301395468414	0
11.4796123505	0.34963709116	0.030906688422	0
11.4670639038	0.291352570057	0.0311133936048	0
11.4537725449	0.22882463038	0.0311250258237	0
11.4447841644	0.17781022191	0.0311256777495	0
11.438791275	0.123060323298	0.031093576923	0
11.4361314774	0.0716619938612	0.031075976789	0
11.4353523254	0.0197387635708	0.0310554876924	0
11.4346837997	-0.0319295376539	0.0310593303293	0
11.4376459122	-0.0853079482913	0.0310476981103	0
11.4442110062	-0.140135452151	0.0308356266469	0
11.454659462	-0.194806560874	0.0310925133526	0
11.4661207199	-0.248712062836	0.0310912914574	0
11.4792156219	-0.298904925585	0.0310881678015	0
11.4952220917	-0.348897844553	0.0310633406043	0
11.5104589462	-0.398073494434	0.0310529060662	0
11.5262718201	-0.44675180316	0.0310571677983	0
11.5449066162	-0.493354856968	0.0310468636453	0
11.566450119	-0.539449810982	0.0304626878351	0
11.5928287506	-0.589183866978	0.0310078859329	0
11.6209220886	-0.64254963398	0.0311338212341	0
11.6450805664	-0.688241481781	0.0311322938651	0
11.670841217	-0.733908712864	0.0311336424202	0
11.698589325	-0.776413321495	0.0311002284288	0
11.7305555344	-0.819838285446	0.0310799106956	0
11.7608242035	-0.859977006912	0.0310742352158	0
11.7934951782	-0.898004233837	0.0310566835105	0
11.8401975632	-0.945960700512	0.0302154105157	0
11.8828639984	-0.982670783997	0.0309145804495	0
11.9211549759	-1.01566195488	0.0311411097646	0
11.9606342316	-1.04935479164	0.0311972070485	0
12.0050382614	-1.08718287945	0.0311829857528	0
12.0549793243	-1.12690663338	0.0311719421297	0
12.098274231	-1.15666866302	0.0311279445887	0
12.1424007416	-1.18348944187	0.0311010014266	0
12.1898508072	-1.20890617371	0.0305367130786	0
12.2486171722	-1.23785066605	0.031065793708	0
12.2940006256	-1.25934636593	0.0311650708318	0
12.3408956528	-1.27788805962	0.0311371441931	0
12.3894100189	-1.29429519176	0.0311056748033	0
12.4421405792	-1.31100940704	0.0310913473368	0
12.4908981323	-1.32291316986	0.0310709401965	0
12.5420284271	-1.33242833614	0.0310592707247	0
12.5985374451	-1.33956241608	0.030506785959	0
12.6517839432	-1.3446110487	0.0310232322663	0
12.7068328857	-1.34888350964	0.0311270542443	0
12.7584428787	-1.34936928749	0.0311026629061	0
12.8088302612	-1.34782648087	0.031074732542	0
12.8603649139	-1.34512090683	0.0310651641339	0
12.9116821289	-1.34066486359	0.0310510620475	0
12.9652900696	-1.33397006989	0.0310492776334	0
13.015376091	-1.32633256912	0.0310396235436	0
13.0670204163	-1.31746268272	0.0307887084782	0
13.1176605225	-1.3075016737	0.0310500431806	0
13.1674165726	-1.29517173767	0.0310632996261	0
13.2253360748	-1.27682054043	0.0304329693317	0
13.2756023407	-1.25789916515	0.0309792868793	0
13.3318462372	-1.23681497574	0.0311423894018	0
13.3800992966	-1.21859657764	0.0311783924699	0
13.4276199341	-1.19731283188	0.0311471465975	0
13.4738225937	-1.17342758179	0.0311126746237	0
13.5173254013	-1.14779472351	0.0310908276588	0
13.5590858459	-1.12000250816	0.0310746505857	0
13.6028680801	-1.08710479736	0.0310615673661	0
13.6443958282	-1.05221605301	0.0310472752899	0
13.6828727722	-1.01881313324	0.0302715376019	0
13.71961689	-0.981418967247	0.030750894919	0
13.7568664551	-0.943494796753	0.0310782566667	0
13.7913761139	-0.906097233295	0.0311602819711	0
13.8272075653	-0.866959929466	0.0311561785638	0
13.8612976074	-0.826716065407	0.0311020985246	0
13.8952713013	-0.787892818451	0.0311044491827	0
13.9306707382	-0.752357244492	0.0310755018145	0
13.9711894989	-0.715501070023	0.0310545898974	0
14.0089092255	-0.681920647621	0.0310554541647	0
14.0513792038	-0.648720264435	0.0303885154426	0
14.0949487686	-0.619857192039	0.0310048181564	0
14.1405143738	-0.593174338341	0.0311071239412	0
14.1921691895	-0.566977143288	0.0310979261994	0
14.2414264679	-0.545645713806	0.0310798361897	0
14.2921380997	-0.527128875256	0.0310655795038	0
14.3427124023	-0.511935830116	0.0310554131866	0
14.3952360153	-0.499447315931	0.0310477036983	0
14.4590148926	-0.489069402218	0.0309553965926	0
14.5118494034	-0.48427349329	0.0311026517302	0
14.5644540787	-0.482551217079	0.0311011336744	0
14.6146497726	-0.483712494373	0.0310842730105	0
14.6676282883	-0.485649347305	0.0310608241707	0
14.7197332382	-0.48726156354	0.0310533288866	0
14.7707462311	-0.488846600056	0.031048020348	0
14.8230476379	-0.490471124649	0.0310440436006	0
14.8953933716	-0.492763131857	0.0303469598293	0
14.949804306	-0.494432449341	0.0309333205223	0
15.0147609711	-0.496410608292	0.0311671122909	0
15.0699167252	-0.498087257147	0.031190821901	0
15.1242847443	-0.499737977982	0.0311681628227	0
15.1767053604	-0.501327574253	0.0311391949654	0
15.2346725464	-0.503083646297	0.0311112962663	0
15.2853317261	-0.504616975784	0.0310921221972	0
15.340877533	-0.506318688393	0.0301895756274	0
15.3962450027	-0.507986903191	0.0307543203235	0
15.4466323853	-0.509496331215	0.0310819596052	0
15.5132541656	-0.511490702629	0.0311851985753	0
15.5635108948	-0.512993216515	0.0311765521765	0
15.6177930832	-0.514614224434	0.0311484485865	0
15.6787652969	-0.516088247299	0.0311463847756	0
15.7287988663	-0.516649544239	0.0310957841575	0
15.7850666046	-0.517459094524	0.0305655281991	0
15.8532886505	-0.51842135191	0.0306564047933	0
15.9114694595	-0.519209563732	0.0310786571354	0
15.9757270813	-0.520080029964	0.0311797223985	0
16.0309906006	-0.520826458931	0.0311701446772	0
16.0895614624	-0.521615505219	0.0311401374638	0
16.1436805725	-0.522342801094	0.0311139188707	0
16.1990585327	-0.523085355759	0.0310925822705	0
16.2523460388	-0.523798465729	0.0310769937932	0
16.3035240173	-0.524117588997	0.0310679282993	0
16.3609905243	-0.524499297142	0.0310549847782	0
16.417514801	-0.524880230427	0.0308608878404	0
16.4816703796	-0.525282680988	0.0311016421765	0
16.5366592407	-0.525625705719	0.0311094075441	0
16.5917682648	-0.525967955589	0.031092774123	0
16.6458034515	-0.526302278042	0.0310772173107	0
16.6975975037	-0.526621639729	0.0310659836978	0
16.7500343323	-0.526943981647	0.0310572944582	0
16.8023376465	-0.526991724968	0.0310515910387	0
16.8536682129	-0.527048826218	0.0310454200953	0
16.9042987823	-0.527100205421	0.0310422480106	0
16.946390152	-0.547288179398	0.0310332737863	0
17.0027580261	-0.54785233736	0.0303379092366	0
17.067111969	-0.548414587975	0.0309982709587	0
17.1229820251	-0.548892736435	0.0311465412378	0
17.1768779755	-0.5493516922	0.0311570670456	0
17.2327289581	-0.549825370312	0.0311340354383	0
17.2854003906	-0.549436628819	0.0311195030808	0
17.3436203003	-0.54876512289	0.0310860611498	0
17.3995456696	-0.548087000847	0.0310705713928	0
17.457649231	-0.546271383762	0.0299556851387	0
17.516002655	-0.540937662125	0.0305696353316	0
17.5785198212	-0.534790575504	0.0310965776443	0
17.6333141327	-0.529210627079	0.0312248114496	0
17.6888828278	-0.523510932922	0.0312406029552	0
17.7413520813	-0.517798125744	0.0304581914097	0
17.8031654358	-0.50667655468	0.0307420846075	0
17.8715515137	-0.492945581675	0.0311513263732	0
17.930644989	-0.480580329895	0.0312768779695	0
17.9887771606	-0.466613590717	0.0310878101736	0
18.0434188843	-0.450271129608	0.0312133617699	0
18.0990085602	-0.433826208115	0.0312480069697	0
18.1587371826	-0.415182173252	0.0312610305846	0
18.2084770203	-0.395853191614	0.0311986394227	0
18.257188797	-0.373665183783	0.0311515126377	0
18.3019180298	-0.350142300129	0.0311199668795	0
18.3502674103	-0.321666747332	0.0310853421688	0
18.3992195129	-0.293146014214	0.0305724404752	0
18.4416980743	-0.264793813229	0.030090842396	0
18.4909191132	-0.22769755125	0.0308889057487	0
18.5332527161	-0.195464462042	0.0311465524137	0
18.5823078156	-0.157549053431	0.0312584526837	0
18.6331653595	-0.116880148649	0.0311926715076	0
18.6821727753	-0.0753028839827	0.0311729498208	0
18.7221336365	-0.0392463840544	0.0311143584549	0
18.7588005066	-0.00391767220572	0.0311023145914	0
18.7983932495	0.0348128601909	0.0310900621116	0
18.8338127136	0.0743437632918	0.0305306091905	0
18.8741188049	0.123967021704	0.030731741339	0
18.9108772278	0.170209363103	0.0310941878706	0
18.9497489929	0.219423770905	0.0311585739255	0
18.9827041626	0.261742115021	0.0311772301793	0
19.0170021057	0.312760770321	0.0311263948679	0
19.0431499481	0.355973094702	0.0311081036925	0
19.0713329315	0.402981996536	0.0310708340257	0
19.0993843079	0.450946033001	0.0310615338385	0
19.1336479187	0.514844477177	0.0304450914264	0
19.160030365	0.568853437901	0.0310713779181	0
19.1830101013	0.62508136034	0.0311632752419	0
19.2071990967	0.683562576771	0.0311348121613	0
19.22747612	0.732852578163	0.0311107225716	0
19.2480735779	0.782960832119	0.0310906991363	0
19.2676239014	0.831327199936	0.0310966931283	0
19.2849559784	0.880867660046	0.0310767404735	0
19.2988834381	0.929387688637	0.0310587026179	0
19.3115844727	0.979199111462	0.0310561712831	0
19.3224983215	1.02821826935	0.0310413874686	0
19.3309440613	1.07815563679	0.0310400240123	0
19.3395404816	1.13482558727	0.0302097778767	0
19.3498897552	1.20105850697	0.0309568531811	0
19.3563690186	1.25157058239	0.0311116985977	0
19.3633670807	1.30462503433	0.0311500802636	0
19.3667907715	1.35636484623	0.0311146527529	0
19.3693008423	1.40715920925	0.0311012379825	0
19.3703708649	1.45737433434	0.0310831218958	0
19.3710784912	1.51247167587	0.0310539081693	0
19.3714466095	1.56391513348	0.0310475230217	0
19.3720989227	1.63067364693	0.0299150645733	0
19.3727455139	1.70236027241	0.0304868724197	0
19.3732795715	1.76560890675	0.0310506373644	0
19.3737716675	1.82399749756	0.0312236770988	0
19.3743267059	1.89057707787	0.0312474574894	0
19.3749008179	1.95986640453	0.0312080606818	0
19.3753700256	2.01602053642	0.030649907887	0
19.3758430481	2.06996154785	0.0300805810839	0
19.3762512207	2.12143683434	0.0306519567966	0
19.3767967224	2.19140672684	0.0311418436468	0
19.3772621155	2.25162005424	0.0312713421881	0
19.3776779175	2.30563879013	0.0312819629908	0
19.3781509399	2.36757040024	0.0312461480498	0
19.378780365	2.44752550125	0.0302869547158	0
19.3793373108	2.52160406113	0.0308470614254	0
19.3798217773	2.58810710907	0.0311925001442	0
19.3802261353	2.64423799515	0.0312702357769	0
19.3805904388	2.69503092766	0.0312661342323	0
19.3810081482	2.75352811813	0.0312288105488	0
19.3814544678	2.81653499603	0.0311819575727	0
19.3819007874	2.87982869148	0.0311413519084	0
19.3823547363	2.94333171844	0.0308621674776	0
19.3827266693	2.99657917023	0.0310942102224	0
19.3831100464	3.05255651474	0.0311223343015	0
19.3836688995	3.12950277328	0.0300504378974	0
19.3841362	3.20075416565	0.0308684557676	0
19.3845176697	3.26140213013	0.0311767347157	0
19.3848686218	3.31715512276	0.0312548317015	0
19.3833885193	3.37839198112	0.0312816128135	0
19.3808021545	3.44299411774	0.0311967730522	0
19.376958847	3.50733852386	0.031176969409	0
19.3725757599	3.56048727036	0.0311405118555	0
19.3663635254	3.61156916618	0.0310919377953	0
19.3585243225	3.66487932205	0.0310832373798	0
19.3486995697	3.71798181534	0.0310731492937	0
19.3369903564	3.76753902435	0.0310497060418	0
19.3258113861	3.8174996376	0.0299662519246	0
19.3122596741	3.87506890297	0.0308068711311	0
19.2985420227	3.92426776886	0.0311026908457	0
19.2829666138	3.98189854622	0.0311896540225	0
19.2695617676	4.03107213974	0.0311817154288	0
19.2534675598	4.08237409592	0.0311797633767	0
19.2357711792	4.13397884369	0.0311205759645	0
19.2166595459	4.18314027786	0.0310959499329	0
19.1975669861	4.22951793671	0.0310907233506	0
19.1764793396	4.27610969543	0.0310758538544	0
19.1527175903	4.32367801666	0.0310592092574	0
19.1266021729	4.37440919876	0.0302733313292	0
19.1020450592	4.41890192032	0.0307636372745	0
19.0709953308	4.47024440765	0.0310938581824	0
19.0451774597	4.51327133179	0.0311701223254	0
19.0158615112	4.55645275116	0.0311281923205	0
18.9862937927	4.59813737869	0.0311068687588	0
18.9568901062	4.63962841034	0.0310792811215	0
18.9263000488	4.68115329742	0.0310814008117	0
18.8913059235	4.72312259674	0.0310548730195	0
18.8556613922	4.76399278641	0.0310564897954	0
18.8196372986	4.8002743721	0.0310455840081	0
18.7740592957	4.842461586	0.0302124097943	0
18.7359771729	4.87840652466	0.0304165668786	0
18.6983280182	4.91338443756	0.0309942737222	0
18.6530857086	4.95102453232	0.0311668738723	0
18.6050491333	4.99153184891	0.0311710070819	0
18.5568561554	5.02898979187	0.0311633925885	0
18.5144042969	5.0576133728	0.0311196520925	0
18.4694309235	5.08798503876	0.0310862213373	0
18.4260158539	5.1160402298	0.0310749504715	0
18.3814811707	5.14274168015	0.0310680158436	0
18.3359489441	5.16636419296	0.031049285084	0
18.2768974304	5.19772529602	0.0299111865461	0
18.2185974121	5.22680473328	0.0307428836823	0
18.1684417725	5.24995803833	0.0310927499086	0
18.1223258972	5.27142810822	0.031202217564	0
18.0703811646	5.29414176941	0.0312554165721	0
18.0149307251	5.3138961792	0.0311968009919	0
17.9668006897	5.32794380188	0.0311546698213	0
17.9167785645	5.34118413925	0.0311092063785	0
17.8665981293	5.35486125946	0.0310885757208	0
17.8164634705	5.36848402023	0.0310742892325	0
17.7655506134	5.37956142426	0.0310711916536	0
17.7136802673	5.38760471344	0.0310585722327	0
17.662979126	5.39376068115	0.0310449115932	0
17.6122741699	5.39954805374	0.0310447197407	0
17.551738739	5.40582942963	0.0302376970649	0
17.4857311249	5.41163015366	0.0310401711613	0
17.428478241	5.41593647003	0.0311287529767	0
17.3774433136	5.41844177246	0.0311432816088	0
17.3261737823	5.41960954666	0.0311147086322	0
17.2754020691	5.42075109482	0.0310788378119	0
17.2232608795	5.42187833786	0.0310661289841	0
17.1730995178	5.42295742035	0.0310576669872	0
17.1149234772	5.42424297333	0.0299679897726	0
17.0477085114	5.42568159103	0.030554709956	0
16.9857959747	5.42698192596	0.030994778499	0
16.9356842041	5.42804718018	0.0302466675639	0
16.8688869476	5.42945671082	0.0299395862967	0
16.7843761444	5.43120002747	0.0298479385674	0
16.6960887909	5.43296957016	0.0306134298444	0
16.6162700653	5.4345574379	0.0311345085502	0
16.5397338867	5.43607616425	0.03141348809	0
16.4734363556	5.43560504913	0.0315700992942	0
16.4155807495	5.43486213684	0.0315664857626	0
16.3620166779	5.4339838028	0.0315348356962	0
16.301399231	5.43287801743	0.0314765237272	0
16.2496147156	5.43190479279	0.0314179584384	0
16.1930713654	5.4308347702	0.0313516259193	0
16.1414985657	5.42985439301	0.031293746084	0
16.0910053253	5.42889308929	0.0312424264848	0
16.0331840515	5.42778778076	0.0311922896653	0
15.978556633	5.4274725914	0.0311904791743	0
15.9276924133	5.42791986465	0.0311229526997	0
15.8753156662	5.42823648453	0.0310972612351	0
15.8245782852	5.42857408524	0.0302521474659	0
15.7675094604	5.42895793915	0.0298836603761	0
15.7150230408	5.42926025391	0.0305776614696	0
15.6433887482	5.42966461182	0.0311251915991	0
15.5799074173	5.43002033234	0.0312745496631	0
15.526966095	5.43031358719	0.0312887504697	0
15.463060379	5.43066596985	0.0312529355288	0
15.3962249756	5.43103075027	0.0312008541077	0
15.343416214	5.43131637573	0.0311631038785	0
15.2822875977	5.43166732788	0.0302052758634	0
15.205039978	5.43208456039	0.0304560624063	0
15.1537761688	5.43233394623	0.030948067084	0
15.0863637924	5.43265724182	0.0312404651195	0
15.0244350433	5.43295383453	0.0307639241219	0
14.9677619934	5.4332408905	0.0302094891667	0
14.897105217	5.43357753754	0.02993715927	0
14.8375358582	5.43382835388	0.0302116498351	0
14.7791347504	5.43405723572	0.0308400727808	0
14.7071437836	5.4343328476	0.0312137734145	0
14.6259250641	5.43465232849	0.0304099805653	0
14.5329875946	5.43499708176	0.0301378518343	0
14.4812507629	5.43517494202	0.0300896335393	0
14.4226837158	5.43536901474	0.0300727989525	0
14.3714084625	5.43553352356	0.0300637595356	0
14.305398941	5.43573522568	0.0300607345998	0
14.181936264	5.43608474731	0.0300675667822	0
14.1108646393	5.43626594543	0.030230846256	0
13.9808549881	5.43656158447	0.030968464911	0
13.9128332138	5.43671894073	0.0306139811873	0
13.844581604	5.43687534332	0.0304958038032	0
13.7771701813	5.43702507019	0.0303923618048	0
13.6995391846	5.43717479706	0.0308296792209	0
13.6304302216	5.43730640411	0.0310925245285	0
13.5661811829	5.4374256134	0.0312409866601	0
13.4980154037	5.43755054474	0.0313730016351	0
13.4324054718	5.43766927719	0.0314691029489	0
13.3757886887	5.43777036667	0.0315310843289	0
13.3132305145	5.43787956238	0.0315807797015	0
13.1997308731	5.43807411194	0.0316375158727	0
13.1478347778	5.4381608963	0.0316536799073	0
13.0454597473	5.43832826614	0.0316744893789	0
12.9938602448	5.43841075897	0.0316808149219	0
12.9068470001	5.43854618073	0.0316879414022	0
12.8208990097	5.43867683411	0.0316915288568	0
12.7454109192	5.43878650665	0.0316850505769	0
12.6785831451	5.43888092041	0.0316634774208	0
12.5850296021	5.43900632858	0.0316012315452	0
12.5086336136	5.43910312653	0.0315248519182	0
12.4357814789	5.43919801712	0.0308264680207	0
12.369474411	5.43929195404	0.0304831098765	0
12.3087463379	5.4393491745	0.0310345236212	0
12.2534580231	5.43939113617	0.0312772579491	0
12.1772499084	5.43944215775	0.0313941761851	0
12.1131906509	5.43947982788	0.0313863754272	0
12.055264473	5.43951225281	0.0313420705497	0
12.0047740936	5.43953704834	0.0312933735549	0
11.9452590942	5.43956422806	0.0312364641577	0
11.8827581406	5.43958997726	0.0311845168471	0
11.8280792236	5.43961048126	0.0311477351934	0
11.7766246796	5.43962717056	0.0311201941222	0
11.7163314819	5.43964624405	0.0310956258327	0
11.6649303436	5.43966054916	0.0310798548162	0
11.6122961044	5.43967580795	0.0310676619411	0
11.5615444183	5.43968629837	0.0310588106513	0
11.5087413788	5.43969726562	0.0310520417988	0
11.4522476196	5.43974351883	0.0299794878811	0
11.3748722076	5.43977451324	0.0296890698373	0
11.3226718903	5.43976020813	0.0296656601131	0
11.2607069016	5.43971729279	0.0296857506037	0
11.190829277	5.43964099884	0.0297394767404	0
11.1135625839	5.43953323364	0.0298227276653	0
11.0328683853	5.43939590454	0.0302044153214	0
10.95429039	5.43924283981	0.030828082934	0
10.9040746689	5.43914413452	0.0310670137405	0
10.8083467484	5.43895149231	0.031380046159	0
10.7417812347	5.43881559372	0.0315071344376	0
10.679643631	5.43868541718	0.0315831378102	0
10.6233854294	5.43856668472	0.0316220372915	0
10.5700817108	5.43845033646	0.0316365398467	0
10.473069191	5.43823623657	0.0316097103059	0
10.392241478	5.43805074692	0.031545072794	0
10.3206624985	5.43788146973	0.031467013061	0
10.2600736618	5.43773508072	0.0313945896924	0
10.2056684494	5.4376001358	0.0313302837312	0
10.1426734924	5.43744182587	0.0312619879842	0
10.075668335	5.43726921082	0.0312007144094	0
10.0243320465	5.43713569641	0.0311627909541	0
9.96989250183	5.43699121475	0.0311304647475	0
9.91809177399	5.43685245514	0.0311065874994	0
9.85862731934	5.43669128418	0.0310857575387	0
9.80229949951	5.4365644455	0.030108243227	0
9.72695636749	5.43637609482	0.0299185588956	0
9.64561653137	5.43609142303	0.0309237819165	0
9.5745639801	5.43584060669	0.0312482118607	0
9.50748825073	5.43560791016	0.0306692775339	0
9.4071559906	5.43526554108	0.0299895331264	0
9.34492969513	5.43502283096	0.0298925749958	0
9.27404403687	5.43472242355	0.0298715401441	0
9.22157764435	5.43448638916	0.0298944674432	0
9.11077880859	5.43396568298	0.0299618802965	0
9.05551719666	5.43369579315	0.029985435307	0
8.9257850647	5.43303394318	0.0300281643867	0
8.85730934143	5.43266868591	0.0300462134182	0
8.71330356598	5.43186855316	0.030078953132	0
8.63630104065	5.43140697479	0.030268996954	0
8.48815822601	5.43052196503	0.0306259188801	0
8.40975475311	5.43005180359	0.0307457074523	0
8.25830554962	5.42913389206	0.0308893695474	0
8.18675804138	5.42869663239	0.0309292450547	0
8.03650760651	5.42776966095	0.0309812128544	0
7.95766925812	5.42727851868	0.0309969931841	0
7.80828857422	5.42633914948	0.031015150249	0
7.73750495911	5.42588996887	0.0310201905668	0
7.60956478119	5.42507076263	0.0310261100531	0
7.43956851959	5.42396879196	0.0310301482677	0
7.3727645874	5.42353153229	0.0310310386121	0
7.29431343079	5.42301511765	0.0310317873955	0
7.22202157974	5.42253684998	0.0310323350132	0
7.14384078979	5.4220161438	0.0310327000916	0
7.07092809677	5.42152690887	0.0310329422355	0
6.99575614929	5.42102098465	0.0310331434011	0
6.91652488708	5.42048358917	0.0312187969685	0
6.84483623505	5.41999387741	0.0313226953149	0
6.77331447601	5.41950273514	0.031428989023	0
6.70836496353	5.41905498505	0.0315109081566	0
6.57721662521	5.41814422607	0.0316034667194	0
6.51125669479	5.41768360138	0.031630218029	0
6.39235019684	5.41684865952	0.0316622592509	0
6.3307299614	5.41641283035	0.0316724106669	0
6.27719402313	5.41603279114	0.0316789746284	0
6.22309017181	5.41564846039	0.0316837951541	0
6.12043476105	5.41491317749	0.0316896885633	0
6.0290517807	5.41425418854	0.0316925756633	0
5.94186592102	5.41362094879	0.0316941440105	0
5.88157463074	5.41318225861	0.0314233861864	0
5.81337022781	5.41269254684	0.0307438205928	0
5.71104431152	5.41193675995	0.0303538516164	0
5.65843391418	5.41153812408	0.0302651040256	0
5.59536457062	5.41105270386	0.0301974341273	0
5.47971820831	5.41012096405	0.0308163817972	0
5.42969894409	5.40971374512	0.0310745518655	0
5.37110900879	5.40923452377	0.0312705561519	0
5.27065467834	5.40840816498	0.0314783081412	0
5.17723560333	5.40763473511	0.0315853841603	0
5.11253738403	5.40709686279	0.0316290222108	0
5.05034160614	5.40657711029	0.0316556692123	0
4.99473905563	5.40610980988	0.0316651538014	0
4.94107627869	5.40565776825	0.0316605828702	0
4.87710523605	5.4051156044	0.0316349640489	0
4.81777048111	5.40460968018	0.0315929874778	0
4.7654542923	5.40416145325	0.0315434224904	0
4.69515275955	5.40355443954	0.0314640775323	0
4.63366174698	5.40302038193	0.0313895381987	0
4.58052301407	5.4025554657	0.031326636672	0
4.51874542236	5.40216636658	0.0313050076365	0
4.4660820961	5.40338850021	0.0312158819288	0
4.40964174271	5.40430212021	0.0311609320343	0
4.3512711525	5.40528869629	0.0311252307147	0
4.30091285706	5.40614366531	0.0311028491706	0
4.24329710007	5.40712022781	0.0310835633427	0
4.18800210953	5.40805673599	0.0310698729008	0
4.13566875458	5.40894126892	0.0310602635145	0
4.08285856247	5.41025066376	0.0310543850064	0
4.03083944321	5.41153430939	0.0310468059033	0
3.98029994965	5.41279125214	0.0310432501137	0
3.93030548096	5.41366577148	0.0310401879251	0
3.87147784233	5.41486215591	0.0299000032246	0
3.80392813683	5.4161901474	0.0304649043828	0
3.73977923393	5.41741132736	0.0310476347804	0
3.68323349953	5.41847896576	0.0312131606042	0
3.62004876137	5.41967105865	0.0312375724316	0
3.56391334534	5.42072677612	0.0312089920044	0
3.50497150421	5.42183113098	0.0311694350094	0
3.45266795158	5.42281007767	0.0311378762126	0
3.39883685112	5.42381572723	0.0311116091907	0
3.34878969193	5.42474937439	0.0310925785452	0
3.29279303551	5.42522621155	0.0310836061835	0
3.23832964897	5.42563867569	0.0310627967119	0
3.18654680252	5.42600059509	0.0310547892004	0
3.13620567322	5.42634963989	0.0310492776334	0
3.08441281319	5.42670822144	0.0310450643301	0
3.03409361839	5.4270567894	0.0310420487076	0
2.98213100433	5.42741632462	0.0310397353023	0
2.93115282059	5.4277677536	0.0310380607843	0
2.85595083237	5.42833042145	0.029833663255	0
2.80532431602	5.42868566513	0.0296919364482	0
2.74475049973	5.42905712128	0.0304811764508	0
2.69182634354	5.42936706543	0.0309719033539	0
2.63124084473	5.42971897125	0.0312408786267	0
2.57850980759	5.43002223969	0.0313176698983	0
2.52214121819	5.43034362793	0.0313174203038	0
2.47081422806	5.43063402176	0.031283993274	0
2.41912817955	5.43092441559	0.0312404483557	0
2.36082696915	5.43124961853	0.0311927516013	0
2.30459547043	5.43156099319	0.0311536863446	0
2.24724960327	5.43187713623	0.0311221182346	0
2.19034171104	5.43218898773	0.0310981720686	0
2.13474416733	5.43249130249	0.0310806836933	0
2.08021664619	5.43278694153	0.0310679133981	0
2.02895545959	5.43306350708	0.0310589708388	0
1.97624886036	5.43334770203	0.0310521442443	0
1.92385661602	5.43362951279	0.0310470927507	0
1.8723552227	5.4339056015	0.0310434699059	0
1.82018327713	5.43418455124	0.0310407821089	0
1.76961004734	5.43445634842	0.0310388542712	0
1.71934962273	5.43472576141	0.0310374405235	0
1.6657204628	5.43505191803	0.0301668513566	0
1.61320328712	5.43538379669	0.0297610405833	0
1.54057228565	5.43575954437	0.0307513698936	0
1.48008179665	5.43605613708	0.0311299972236	0
1.42589664459	5.43631839752	0.0312346816063	0
1.37064278126	5.43658351898	0.031239990145	0
1.30900549889	5.436876297	0.0312045700848	0
1.24931800365	5.43718624115	0.0301125869155	0
1.14991056919	5.43765497208	0.0297936480492	0
1.06254816055	5.43800926208	0.0297735687345	0
0.962653160095	5.43836784363	0.029840759933	0
0.854901313782	5.4387216568	0.0299324821681	0
0.794934868813	5.43890857697	0.0299661234021	0
0.670470118523	5.43926715851	0.0300165526569	0
0.595122337341	5.43946743011	0.0300397071987	0
0.455904185772	5.43980503082	0.0300747100264	0
0.379414260387	5.43995761871	0.0302633568645	0
0.303587764502	5.4401102066	0.0304660759866	0
0.233386844397	5.44025039673	0.0306132268161	0
0.150690823793	5.44041347504	0.0307430662215	0
0.0827178433537	5.44054555893	0.030821127817	0
0.0016141156666	5.44069957733	0.0308863539249	0
-0.071621760726	5.44083595276	0.0309279859066	0
-0.156835392118	5.40195941925	0.0310335699469	0
-0.213866025209	5.40217781067	0.0297467578202	0
-0.26877990365	5.40233612061	0.0296394973993	0
-0.339964747429	5.40249538422	0.0296381190419	0
-0.42317917943	5.40263366699	0.0299299880862	0
-0.506049513817	5.40273284912	0.0308506730944	0
-0.580871343613	5.40280723572	0.0312426388264	0
-0.64851307869	5.40286827087	0.0314366184175	0
-0.711487710476	5.40292072296	0.0315088890493	0
-0.765675961971	5.40296363831	0.0315142124891	0
-0.845078825951	5.403028965	0.0308678913862	0
-0.949339807034	5.40312147141	0.0301124546677	0
-1.03590989113	5.40315580368	0.0299562290311	0
-1.08965849876	5.40315961838	0.0299391634762	0
-1.19942080975	5.40314102173	0.0299781132489	0
-1.28855240345	5.40310573578	0.0300060138106	0
-1.38334739208	5.40304756165	0.0300307348371	0
-1.48991012573	5.40295600891	0.0300549119711	0
-1.59101068974	5.4028468132	0.0300757456571	0
-1.70224642754	5.40268707275	0.0302860271186	0
-1.81485152245	5.40251350403	0.0305559951812	0
-1.93089294434	5.4023308754	0.0307487733662	0
-2.04241299629	5.40215063095	0.0308625269681	0
-2.15703678131	5.40195846558	0.0309318676591	0
-2.2680311203	5.4017663002	0.0309724807739	0
-2.3810069561	5.40156364441	0.0309970453382	0
-2.46046876907	5.40141773224	0.0310082640499	0
-2.56846809387	5.40121269226	0.031018069014	0
-2.70407938957	5.4009475708	0.031025223434	0
-2.79376602173	5.40076684952	0.0310280378908	0
-2.86816263199	5.40061330795	0.0310296397656	0
-2.94607710838	5.40045022964	0.0310308206826	0
-3.01922369003	5.40029335022	0.0310315899551	0
-3.09528064728	5.40012788773	0.0310322009027	0
-3.16891503334	5.39996480942	0.0310325361788	0
-3.24523997307	5.39979219437	0.0310328789055	0
-3.31883335114	5.39962387085	0.0310330614448	0
-3.39165878296	5.39945411682	0.0310331955552	0
-3.47170162201	5.39926338196	0.0310332886875	0
-3.54947328568	5.39907503128	0.031033385545	0
-3.61896133423	5.39890480042	0.0310334283859	0
-3.69922447205	5.39870452881	0.0310334656388	0
-3.77172803879	5.39852046967	0.0310334917158	0
-3.84433317184	5.3983335495	0.0310335196555	0
-3.92662358284	5.3981180191	0.0310335233808	0
-3.99901437759	5.39792537689	0.031033527106	0
-4.07537126541	5.39771938324	0.0310334991664	0
-4.14820671082	5.39752101898	0.031033527106	0
-4.22629785538	5.39730358124	0.0310335233808	0
-4.29652547836	5.39710617065	0.031033527106	0
-4.37947130203	5.39686918259	0.0310335457325	0
-4.45240688324	5.39665794373	0.031033558771	0
-4.52546977997	5.39644384384	0.0310335457325	0
-4.60019540787	5.39622116089	0.0310335289687	0
-4.68160486221	5.39597558975	0.0310335643589	0
-4.74767208099	5.3957734108	0.0310335420072	0
-4.83123254776	5.39551496506	0.0311784818769	0
-4.90170669556	5.39529323578	0.0312958881259	0
-4.96701717377	5.39508581161	0.0314182639122	0
-5.04059314728	5.39484977722	0.0315074697137	0
-5.10755205154	5.39463281631	0.03156324476	0
-5.17177295685	5.39442300797	0.0315997451544	0
-5.23856878281	5.39420223236	0.0316281616688	0
-5.29707145691	5.3940076828	0.0316468253732	0
-5.3563117981	5.39380931854	0.0316609144211	0
-5.41784572601	5.3936009407	0.0316715091467	0
-5.47103500366	5.39341974258	0.031678289175	0
-5.52358675003	5.3932390213	0.0316831432283	0
-5.57808971405	5.39305067062	0.0316868796945	0
-5.62881040573	5.39287376404	0.0316894613206	0
-5.7235660553	5.39254045486	0.0316925309598	0
-5.8081202507	5.39223766327	0.0316940397024	0
-5.88987922668	5.39194202423	0.0316916778684	0
-5.9618730545	5.39167690277	0.0316755436361	0
-6.02539730072	5.3914399147	0.0316446647048	0
-6.08311080933	5.39122200012	0.0316015183926	0
-6.1369805336	5.39101600647	0.0315495356917	0
-6.20774650574	5.39074039459	0.0314689949155	0
-6.26877689362	5.39050006866	0.0313947424293	0
-6.32357692719	5.39028024673	0.0313295423985	0
-6.38708209991	5.39002323151	0.0312607623637	0
-6.44054698944	5.38980436325	0.0312110092491	0
-6.49929618835	5.38956212997	0.0311660487205	0
-6.5505361557	5.38934898376	0.0311348102987	0
-6.60317468643	5.38912773132	0.031109560281	0
-6.65624904633	5.38890457153	0.0310899689794	0
-6.70858097076	5.38868236542	0.031075373292	0
-6.75931549072	5.38846492767	0.0310646686703	0
-6.81502056122	5.38822603226	0.0310559123755	0
-6.86649799347	5.38800430298	0.0310499873012	0
-6.92108201981	5.38776874542	0.0310453549027	0
-6.97494029999	5.38753604889	0.0310421288013	0
-7.02658748627	5.38745594025	0.0310400426388	0
-7.08871555328	5.38739967346	0.03000029549	0
-7.15541219711	5.38732814789	0.0297796539962	0
-7.23557424545	5.38716697693	0.030835583806	0
-7.30511379242	5.38700342178	0.0312045160681	0
-7.36491584778	5.38685846329	0.0312915220857	0
-7.41831302643	5.38672542572	0.0312870517373	0
-7.48275279999	5.38656806946	0.0307025518268	0
-7.56055545807	5.38640022278	0.0299912486225	0
-7.6321554184	5.38620901108	0.0298264268786	0
-7.72097492218	5.38592576981	0.0298003498465	0
-7.82453346252	5.38554859161	0.0298695899546	0
-7.98534631729	5.3848900795	0.0308882333338	0
-8.06100177765	5.38456964493	0.0312141869217	0
-8.12811660767	5.38428258896	0.0314022302628	0
-8.19375991821	5.38400030136	0.0315209291875	0
-8.25432777405	5.38373756409	0.0315896123648	0
-8.31509780884	5.38347101212	0.0316274017096	0
-8.397149086	5.38310718536	0.0316267870367	0
-8.47577476501	5.38276958466	0.0305947698653	0
-8.53988361359	5.38248443604	0.0302859488875	0
-8.61007499695	5.38214445114	0.0306082367897	0
-8.67793941498	5.3818025589	0.0310638919473	0
-8.74210929871	5.38147449493	0.0313173942268	0
-8.80050849915	5.38117265701	0.0314640514553	0
-8.8549861908	5.38088989258	0.0315442830324	0
-8.90547561646	5.38062572479	0.0315793640912	0
-8.98123073578	5.38022518158	0.031575717032	0
-9.03582763672	5.37993335724	0.0315421335399	0
-9.10783195496	5.38023757935	0.0315267778933	0
-9.16756057739	5.38154029846	0.0314101949334	0
-9.22243118286	5.3826751709	0.0313332304358	0
-9.28482818604	5.38402938843	0.0312609374523	0
-9.35067367554	5.38546609879	0.0311997644603	0
-9.40194702148	5.38616371155	0.0311755724251	0
-9.45495986938	5.38663101196	0.0311295725405	0
-9.50538063049	5.38707256317	0.0311035085469	0
-9.56359958649	5.38759899139	0.0300782304257	0
-9.64521408081	5.38831233978	0.029741441831	0
-9.71774768829	5.38889694214	0.0297054518014	0
-9.81080532074	5.38959741592	0.0297505166382	0
-9.91620635986	5.39034414291	0.0298587344587	0
-9.96930027008	5.39071130753	0.0299066398293	0
-10.0893106461	5.39151334763	0.0299781933427	0
-10.1555461884	5.39194011688	0.0300059448928	0
-10.2969360352	5.39281892776	0.0300506148487	0
-10.3635616302	5.39321804047	0.0300675649196	0
-10.5136547089	5.3940653801	0.0303926244378	0
-10.59100914	5.39449739456	0.030830539763	0
-10.6564702988	5.39486026764	0.0310309622437	0
-10.7329082489	5.39528274536	0.0312310848385	0
-10.797129631	5.39563560486	0.0313574299216	0
-10.9290218353	5.39635562897	0.0315277948976	0
-10.9955596924	5.39671611786	0.0315791629255	0
-11.1152915955	5.39735984802	0.0316364914179	0
-11.1697826385	5.39765024185	0.0316531546414	0
-11.2763576508	5.39821529388	0.0316738933325	0
-11.3312826157	5.3985042572	0.031680598855	0
-11.4269208908	5.39900398254	0.0316879823804	0
-11.4930257797	5.39934587479	0.0316910408437	0
-11.5563354492	5.39967155457	0.0316928699613	0
-11.6160926819	5.39997673035	0.0316915884614	0
-11.6738891602	5.40026950836	0.0316814705729	0
-11.7692651749	5.40074729919	0.0316368788481	0
-11.8540964127	5.40116548538	0.0315651036799	0
-11.926867485	5.40151977539	0.0314846038818	0
-11.9899206161	5.40182209015	0.0314081981778	0
-12.0443592072	5.40159225464	0.0313822515309	0
-12.1071901321	5.40050029755	0.0312736108899	0
-12.1741333008	5.39941501617	0.0312028005719	0
-12.225646019	5.39855718613	0.0311630144715	0
-12.2794494629	5.39826869965	0.0311397910118	0
-12.3302497864	5.39798736572	0.0311045534909	0
-12.3876152039	5.39770650864	0.0310838147998	0
-12.4466304779	5.3974199295	0.0310691893101	0
-12.4989910126	5.39716434479	0.0310597810894	0
-12.5523681641	5.39690303802	0.0310525894165	0
-12.6027202606	5.39665985107	0.0305352304131	0
-12.6581449509	5.39641952515	0.0300100836903	0
-12.7156896591	5.3961186409	0.0308987498283	0
-12.7668581009	5.39584207535	0.0311312321573	0
-12.8230676651	5.39555215836	0.0303595475852	0
-12.8809242249	5.39525508881	0.0299671962857	0
-12.9546070099	5.39484119415	0.0298177450895	0
-13.0433912277	5.39429759979	0.0298016369343	0
-13.1467647552	5.39362049103	0.0299038346857	0
-13.1984195709	5.39326667786	0.0303467269987	0
-13.2494354248	5.39290904999	0.0307194348425	0
-13.3477315903	5.39221143723	0.0312096234411	0
-13.4367895126	5.39157295227	0.0314493514597	0
-13.5177898407	5.39098787308	0.0315693095326	0
-13.5917053223	5.3904504776	0.0316200852394	0
-13.6596899033	5.38995265961	0.0316238887608	0
-13.7199459076	5.3895072937	0.0315989479423	0
-13.7747592926	5.38910102844	0.0315571315587	0
-13.8477582932	5.3885550499	0.0314814820886	0
-13.9110593796	5.38807725906	0.0314068906009	0
-13.9659576416	5.38765954971	0.0313414819539	0
-14.0302581787	5.3871679306	0.0312706790864	0
-14.0856409073	5.38674116135	0.0312177501619	0
-14.1455211639	5.38627815247	0.0311707295477	0
-14.197010994	5.38587760925	0.0311383437365	0
-14.2510929108	5.38545608521	0.0311117414385	0
-14.312915802	5.38475656509	0.0304679013789	0
-14.3705768585	5.38105487823	0.0309843271971	0
-14.421546936	5.37793016434	0.0311266127974	0
-14.476732254	5.37444400787	0.0309737734497	0
-14.5321588516	5.36973619461	0.0302877835929	0
-14.5944108963	5.36260604858	0.0309741720557	0
-14.6496086121	5.35619878769	0.0311851650476	0
-14.7121238708	5.3488368988	0.0312295760959	0
-14.768450737	5.34218502045	0.0308844167739	0
-14.8265533447	5.33415842056	0.0308237336576	0
-14.8805847168	5.32628107071	0.0311285760254	0
-14.9436941147	5.31687164307	0.0312139876187	0
-15.0086374283	5.30695772171	0.0304139107466	0
-15.0602703094	5.29690217972	0.0302652455866	0
-15.1118335724	5.28496408463	0.0308810062706	0
-15.178935051	5.2691321373	0.031221754849	0
-15.2398853302	5.2545375824	0.0313043519855	0
-15.2906999588	5.24233818054	0.0312966369092	0
-15.3518610001	5.2273311615	0.0303873885423	0
-15.4047088623	5.21182489395	0.0307402033359	0
-15.4750471115	5.19062328339	0.0311845373362	0
-15.5261116028	5.17505788803	0.0312963686883	0
-15.5893669128	5.15571641922	0.0313082933426	0
-15.6423740387	5.13953828812	0.0307294856757	0
-15.6918535233	5.1228094101	0.0303821843117	0
-15.7414340973	5.10453653336	0.0309353843331	0
-15.8071022034	5.08015584946	0.0312456972897	0
-15.8649711609	5.05851316452	0.0313118211925	0
-15.9141902924	5.04007530212	0.0312994383276	0
-15.971868515	5.01818084717	0.030400659889	0
-16.0234375	4.9959321022	0.0307352766395	0
-16.0694580078	4.97566366196	0.0310825444758	0
-16.1307353973	4.94844388962	0.0312830395997	0
-16.1981697083	4.91834688187	0.0313085243106	0
-16.2444229126	4.89769935608	0.0312776118517	0
-16.2934379578	4.8756570816	0.0305349715054	0
-16.3519802094	4.84854316711	0.0310187079012	0
-16.4036560059	4.82438564301	0.0312104132026	0
-16.4494495392	4.80290031433	0.0312460139394	0
-16.5068225861	4.77601718903	0.0306941643357	0
-16.5624713898	4.74822425842	0.0309171713889	0
-16.6132087708	4.72258090973	0.0311731230468	0
-16.6630897522	4.69718503952	0.031230058521	0
-16.7128334045	4.6716337204	0.0306350328028	0
-16.7758350372	4.63403511047	0.0307379104197	0
-16.834941864	4.59642505646	0.0311515033245	0
-16.9006938934	4.55382680893	0.0312828570604	0
-16.9426841736	4.52655887604	0.0312724485993	0
-16.9901924133	4.49350452423	0.031261138618	0
-17.0395717621	4.45829486847	0.0311817713082	0
-17.091960907	4.42088985443	0.0307039804757	0
-17.1440486908	4.38190555573	0.0309277772903	0
-17.1859397888	4.35029935837	0.0311318133026	0
-17.2317047119	4.31564188004	0.0311691593379	0
-17.2842235565	4.27503299713	0.030244961381	0
-17.3366107941	4.23089456558	0.0309405308217	0
-17.3805999756	4.19367313385	0.0311868228018	0
-17.4209861755	4.15937280655	0.0312449838966	0
-17.4609718323	4.1253862381	0.0312342755497	0
-17.5081977844	4.0847492218	0.0305291246623	0
-17.5574226379	4.03718233109	0.031062848866	0
-17.5946807861	4.00116872787	0.0311971325427	0
-17.6374073029	3.95964598656	0.0312156118453	0
-17.683631897	3.91468048096	0.0311827287078	0
-17.7320976257	3.86753535271	0.0307674277574	0
-17.7701072693	3.83054256439	0.0310931392014	0
-17.8090667725	3.79262542725	0.0311927199364	0
-17.8470306396	3.75494122505	0.0312087386847	0
-17.8835678101	3.71828794479	0.0311671979725	0
-17.9191627502	3.68255472183	0.0311340820044	0
-17.9596710205	3.64190292358	0.0301778130233	0
-18.0031776428	3.59817242622	0.0308829136193	0
-18.0426235199	3.55851888657	0.0311505850405	0
-18.0798740387	3.5210852623	0.0306797996163	0
-18.1240081787	3.47254800797	0.0309302248061	0
-18.1638946533	3.42755126953	0.0311981961131	0
-18.1991195679	3.38739156723	0.0312526524067	0
-18.2410945892	3.33707976341	0.0312457419932	0
-18.2776679993	3.29299545288	0.0311899539083	0
-18.3094291687	3.25133299828	0.031166549772	0
-18.3413982391	3.20873260498	0.0311437472701	0
-18.3722610474	3.16558814049	0.0310907624662	0
-18.4073181152	3.11721682549	0.0303798541427	0
-18.4388465881	3.07352590561	0.0309749245644	0
-18.4705600739	3.02853131294	0.0312105901539	0
-18.5044059753	2.97859501839	0.0311889294535	0
-18.5326709747	2.93638706207	0.0311956815422	0
-18.564994812	2.88464927673	0.0311389900744	0
-18.5926017761	2.83877205849	0.0311017371714	0
-18.6231002808	2.7880525589	0.0300144888461	0
-18.6573963165	2.73113441467	0.0307592134923	0
-18.6847724915	2.68144464493	0.0311409235001	0
-18.7089366913	2.63698339462	0.0312269255519	0
-18.7352104187	2.58598279953	0.031242242083	0
-18.7629394531	2.53142023087	0.0311796460301	0
-18.7842502594	2.48592472076	0.0311519913375	0
-18.8130874634	2.42520904541	0.0300824157894	0
-18.8438034058	2.36040353775	0.0307341255248	0
-18.871049881	2.30285835266	0.0311408936977	0
-18.8948993683	2.25246953964	0.0312469601631	0
-18.92278862	2.19333744049	0.0312878042459	0
-18.9434318542	2.14454126358	0.0312266871333	0
-18.9643859863	2.09594011307	0.0312017798424	0
-18.9837417603	2.04661011696	0.0311367511749	0
-19.0033664703	1.99774241447	0.0303340777755	0
-19.0262489319	1.9406453371	0.0306911338121	0
-19.0467510223	1.88944470882	0.03108846955	0
-19.0692520142	1.83084094524	0.0312546566129	0
-19.0914478302	1.76843249798	0.0311949700117	0
-19.1081123352	1.71696233749	0.0311648957431	0
-19.1255321503	1.66398143768	0.0311199296266	0
-19.1460704803	1.60133993626	0.0303533710539	0
-19.164598465	1.54466187954	0.0309990048409	0
-19.1802883148	1.49667072296	0.0311709791422	0
-19.1974487305	1.44032597542	0.0312201231718	0
-19.216342926	1.37613153458	0.0311884116381	0
-19.2321987152	1.32111227512	0.0311699230224	0
-19.2446098328	1.2717192173	0.0311383381486	0
-19.2563247681	1.22031986713	0.031092479825	0
-19.2666778564	1.16994678974	0.0310857333243	0
-19.2768726349	1.1130027771	0.0307879783213	0
-19.286655426	1.05987286568	0.0310646574944	0
-19.2955780029	1.00796568394	0.0310790818185	0
-19.3060264587	0.947205841541	0.0300437547266	0
-19.3170070648	0.883315324783	0.0306717567146	0
-19.3266124725	0.827280044556	0.0310839824378	0
-19.3352050781	0.777128577232	0.0312017127872	0
-19.3440246582	0.725673496723	0.0312306378037	0
-19.3511390686	0.669860601425	0.0311967674643	0
-19.3586463928	0.607560455799	0.0311486199498	0
-19.3655509949	0.549100339413	0.0305207204074	0
-19.3723239899	0.491409689188	0.0305726826191	0
-19.3789558411	0.434531629086	0.031040482223	0
-19.3855133057	0.370289385319	0.0312512889504	0
-19.390625	0.303258776665	0.0311995744705	0
-19.3947505951	0.251194924116	0.031162917614	0
-19.3987464905	0.196824580431	0.0311616770923	0
-19.4018325806	0.132199421525	0.0311226770282	0
-19.4026374817	0.0746773481369	0.0310862194747	0
-19.4033088684	0.0210447888821	0.029949747026	0
-19.4040412903	-0.0500417649746	0.0306700244546	0
-19.4039916992	-0.112177670002	0.0311782732606	0
-19.4023895264	-0.165503203869	0.0312466342002	0
-19.3991088867	-0.218744531274	0.031273946166	0
-19.3944664001	-0.276300638914	0.031219843775	0
-19.3901367188	-0.326190620661	0.0311616547406	0
-19.3855247498	-0.378907799721	0.0311257168651	0
-19.3795681	-0.447145700455	0.0307337380946	0
-19.3744239807	-0.505529642105	0.0311012193561	0
-19.3693447113	-0.563089191914	0.0311609674245	0
-19.3649330139	-0.613076329231	0.0311490278691	0
-19.3591308594	-0.66932451725	0.0311244949698	0
-19.3533439636	-0.727205514908	0.0301465578377	0
-19.345911026	-0.80113273859	0.0304826181382	0
-19.3378982544	-0.870362997055	0.0311442390084	0
-19.3281002045	-0.92804056406	0.0312624275684	0
-19.3197803497	-0.978716254234	0.0312759503722	0
-19.30950737	-1.03763771057	0.0312833786011	0
-19.2964096069	-1.09787988663	0.0312188249081	0
-19.2826061249	-1.15762114525	0.0311711281538	0
-19.2699451447	-1.20690238476	0.0311111640185	0
-19.2570552826	-1.2553242445	0.0310897193849	0
-19.2433643341	-1.30718898773	0.0300062261522	0
-19.229019165	-1.3616039753	0.0306566487998	0
-19.2138957977	-1.41888308525	0.0310948491096	0
-19.200630188	-1.46911048889	0.0312121268362	0
-19.1805744171	-1.53969311714	0.0312242526561	0
-19.1618747711	-1.60285627842	0.0312106311321	0
-19.1433830261	-1.65895938873	0.0311622321606	0
-19.1240692139	-1.71366202831	0.0308330729604	0
-19.1071243286	-1.76272320747	0.0300250966102	0
-19.0847816467	-1.8272305727	0.0308326594532	0
-19.064666748	-1.88166260719	0.0312161110342	0
-19.0456619263	-1.92885875702	0.0312457084656	0
-19.0265140533	-1.97715044022	0.0312289595604	0
-19.0050315857	-2.03104734421	0.0312168691307	0
-18.9791145325	-2.08905911446	0.0311521943659	0
-18.9470787048	-2.16223526001	0.0300435461104	0
-18.9180622101	-2.22803878784	0.0308017767966	0
-18.8927650452	-2.28539466858	0.0311532318592	0
-18.8697814941	-2.33429884911	0.0312768146396	0
-18.8427619934	-2.39072847366	0.0312482807785	0
-18.8138542175	-2.44975876808	0.0312370210886	0
-18.7885513306	-2.49803495407	0.0311581902206	0
-18.7642116547	-2.54274296761	0.0311362668872	0
-18.7358398438	-2.59231877327	0.0310998372734	0
-18.7069454193	-2.64006233215	0.031079063192	0
-18.671257019	-2.69885587692	0.0299376733601	0
-18.6319580078	-2.76348876953	0.0305243358016	0
-18.5963191986	-2.82205057144	0.0311186127365	0
-18.5641860962	-2.87058877945	0.0312745980918	0
-18.5362262726	-2.91319084167	0.0312729924917	0
-18.5070037842	-2.95749378204	0.0312397256494	0
-18.4740028381	-3.00744819641	0.0311938133091	0
-18.4372997284	-3.06092762947	0.0311624798924	0
-18.4062633514	-3.1060128212	0.0311173703521	0
-18.3746376038	-3.15192556381	0.0307227484882	0
-18.3451633453	-3.19459533691	0.0310696028173	0
-18.3119506836	-3.24266386032	0.0311555527151	0
-18.2744884491	-3.29473304749	0.0311478953809	0
-18.2427749634	-3.33878445625	0.031113801524	0
-18.2106323242	-3.38191509247	0.0311050862074	0
-18.1759815216	-3.42523527145	0.0310793686658	0
-18.1405544281	-3.46717429161	0.0310596656054	0
-18.0992851257	-3.51596665382	0.0309423543513	0
-18.0576648712	-3.56138777733	0.0311106611043	0
-18.0225715637	-3.60024285316	0.0311052817851	0
-17.9689655304	-3.65955114365	0.0303067993373	0
-17.9248867035	-3.70820236206	0.0310356169939	0
-17.8866481781	-3.74762916565	0.0311911925673	0
-17.8444538116	-3.79164171219	0.0311901774257	0
-17.8079147339	-3.82719802856	0.0311728492379	0
-17.770154953	-3.86367154121	0.0311428494751	0
-17.7339286804	-3.89846396446	0.0311033260077	0
-17.6785678864	-3.95157337189	0.0305730141699	0
-17.6389064789	-3.98957562447	0.0310282446444	0
-17.5987625122	-4.02804327011	0.0312073975801	0
-17.5517082214	-4.07042598724	0.0311994347721	0
-17.5100097656	-4.1078209877	0.0311946421862	0
-17.4668312073	-4.14367485046	0.0311543103307	0
-17.424697876	-4.1773109436	0.0310957022011	0
-17.3793544769	-4.2140750885	0.0301698017865	0
-17.336233139	-4.24884223938	0.0308796688914	0
-17.2851161957	-4.29007053375	0.031155994162	0
-17.2326164246	-4.33241844177	0.0312136933208	0
-17.1918411255	-4.36178779602	0.0311728790402	0
-17.1487045288	-4.39245033264	0.0311452746391	0
-17.1075744629	-4.42138624191	0.0308153983206	0
-17.0644187927	-4.4517083168	0.0300273634493	0
-17.0077571869	-4.49141979218	0.0308430381119	0
-16.9598255157	-4.52498912811	0.0311556868255	0
-16.9165306091	-4.55399703979	0.0312923043966	0
-16.8731994629	-4.58158159256	0.0312399230897	0
-16.824634552	-4.61074542999	0.0312059000134	0
-16.7698059082	-4.64312696457	0.0311434324831	0
-16.7082500458	-4.6794090271	0.0301664266735	0
-16.6558380127	-4.71022701263	0.030865194276	0
-16.6083755493	-4.73482847214	0.0311504490674	0
-16.554145813	-4.76242160797	0.0312574356794	0
-16.4969673157	-4.78982067108	0.0311903767288	0
-16.4387817383	-4.81794691086	0.0311436653137	0
-16.3922157288	-4.84049129486	0.0302318893373	0
-16.3352546692	-4.86794757843	0.0307832695544	0
-16.2831497192	-4.89304685593	0.0311276428401	0
-16.231552124	-4.9179019928	0.0312180072069	0
-16.1739425659	-4.94506692886	0.0312524326146	0
-16.1251125336	-4.96697092056	0.0311769079417	0
-16.0738792419	-4.99016714096	0.0311496295035	0
-16.0244216919	-5.01214694977	0.0303334593773	0
-15.968547821	-5.03696393967	0.0306883640587	0
-15.9170084	-5.0583562851	0.0311555489898	0
-15.859664917	-5.08079433441	0.0312315896153	0
-15.7991123199	-5.10159301758	0.031202673912	0
-15.7386045456	-5.12173175812	0.0311666503549	0
-15.688082695	-5.13820648193	0.0311145912856	0
-15.6225366592	-5.15947198868	0.0304921753705	0
-15.5607624054	-5.17905807495	0.0311141628772	0
-15.4934415817	-5.19838809967	0.0312044732273	0
-15.442243576	-5.21326828003	0.0311923213303	0
-15.3869962692	-5.22883272171	0.0311943423003	0
-15.3320503235	-5.24296665192	0.0311259143054	0
-15.2787647247	-5.2554693222	0.0311024598777	0
-15.228222847	-5.26562166214	0.0310852285475	0
-15.1727485657	-5.27689123154	0.0306910574436	0
-15.123708725	-5.28680801392	0.0310521572828	0
-15.0703516006	-5.29758882523	0.0311234574765	0
-15.0158081055	-5.30841350555	0.0311265811324	0
-14.9595584869	-5.31950283051	0.0307142119855	0
-14.9104976654	-5.32916164398	0.0303034931421	0
-14.85060215	-5.34086370468	0.0303472056985	0
-14.7747821808	-5.35569620132	0.030883807689	0
-14.7123851776	-5.36575222015	0.031236095354	0
-14.6553144455	-5.37475633621	0.0312840491533	0
-14.5901565552	-5.38482809067	0.0312606096268	0
-14.5222959518	-5.39526557922	0.0312090292573	0
-14.4651670456	-5.40213727951	0.0311861988157	0
-14.4093904495	-5.40735721588	0.0311451815069	0
-14.3546123505	-5.41188526154	0.0311215296388	0
-14.2968006134	-5.41499423981	0.031086742878	0
-14.2454357147	-5.41633033752	0.0310714971274	0
-14.1953582764	-5.41613674164	0.0310611501336	0
-14.1444559097	-5.41514015198	0.0310443416238	0
-14.082321167	-5.4142665863	0.0305195376277	0
-14.0310621262	-5.41352558136	0.0310184210539	0
-13.9771499634	-5.41274166107	0.0310963355005	0
-13.9228115082	-5.41195011139	0.0310898721218	0
-13.8647537231	-5.4116230011	0.0310751609504	0
-13.81042099	-5.41126346588	0.0310618691146	0
-13.7348747253	-5.41081285477	0.0299861095846	0
-13.6662483215	-5.41034173965	0.0308887027204	0
-13.6088562012	-5.40993309021	0.0311685241759	0
-13.5559558868	-5.40955257416	0.0312370304018	0
-13.4963111877	-5.40912151337	0.0312273278832	0
-13.4442920685	-5.40874290466	0.0311946384609	0
-13.3876914978	-5.40832853317	0.0311572831124	0
-13.3290500641	-5.40789747238	0.0311245210469	0
-13.278427124	-5.40752363205	0.031102353707	0
-13.2278633118	-5.40714931488	0.0310852508992	0
-13.1741790771	-5.40674829483	0.0310854837298	0
-13.1195850372	-5.40690135956	0.0310597680509	0
-13.060749054	-5.4068980217	0.0301413722336	0
-13.0107460022	-5.40685749054	0.0308384820819	0
-12.952837944	-5.40681266785	0.0311159584671	0
-12.8967342377	-5.40676736832	0.031158959493	0
-12.8373556137	-5.40671682358	0.0311403162777	0
-12.7822952271	-5.40666913986	0.0311149861664	0
-12.7275819778	-5.4069480896	0.0311076045036	0
-12.6745471954	-5.40736722946	0.0310764014721	0
-12.5985956192	-5.40801286697	0.0299930144101	0
-12.5344600677	-5.40851926804	0.0307859405875	0
-12.478471756	-5.40894699097	0.0311168581247	0
-12.428396225	-5.40932750702	0.0312094800174	0
-12.3692550659	-5.40977287292	0.0312121510506	0
-12.3094024658	-5.41023731232	0.0304037332535	0
-12.2575721741	-5.41064739227	0.0299711711705	0
-12.1940250397	-5.41110420227	0.0304755978286	0
-12.1098194122	-5.41168022156	0.0311455018818	0
-12.0365428925	-5.41217517853	0.0313351154327	0
-11.9737224579	-5.41259670258	0.0313554555178	0
-11.9184818268	-5.41296386719	0.0313240662217	0
-11.8535423279	-5.41339349747	0.0312669314444	0
-11.8034992218	-5.41372156143	0.0312221385539	0
-11.7487812042	-5.41407823563	0.0311786606908	0
-11.6962814331	-5.41441869736	0.0311443377286	0
-11.640789032	-5.41477680206	0.0311155542731	0
-11.5851135254	-5.41513442993	0.0310936681926	0
-11.5310611725	-5.41547966003	0.0310775451362	0
-11.4735507965	-5.41584682465	0.0310648791492	0
-11.4197120667	-5.41618919373	0.0310562178493	0
-11.3692502975	-5.41650819778	0.0310501679778	0
-11.3185634613	-5.41682958603	0.0310456342995	0
-11.2659358978	-5.41716146469	0.0310422349721	0
-11.2155456543	-5.41747951508	0.0310398079455	0
-11.1640090942	-5.4177365303	0.0310380253941	0
-11.0956687927	-5.41811752319	0.0300705451518	0
-11.0422048569	-5.41835546494	0.0308850593865	0
-10.9801063538	-5.41863393784	0.0311431698501	0
-10.9253158569	-5.41887664795	0.0311801508069	0
-10.8670272827	-5.41913318634	0.0311598703265	0
-10.8109035492	-5.41940736771	0.0302093978971	0
-10.7454357147	-5.41968679428	0.0309336818755	0
-10.6649284363	-5.42001056671	0.0306368675083	0
-10.610045433	-5.42024517059	0.0301259532571	0
-10.5398283005	-5.4205198288	0.0301607493311	0
-10.4715595245	-5.42073774338	0.0309274941683	0
-10.4056520462	-5.42094898224	0.0312674604356	0
-10.3248815536	-5.42120218277	0.0314150489867	0
-10.2524852753	-5.42142820358	0.0308785662055	0
-10.1588230133	-5.42172670364	0.0306809693575	0
-10.0966377258	-5.421895504	0.0311221815646	0
-10.0417537689	-5.42203998566	0.0313179679215	0
-9.99001026154	-5.42217254639	0.031391851604	0
-9.92197704315	-5.42234325409	0.0313202477992	0
-9.86744785309	-5.42249488831	0.0304109938443	0
-9.7991027832	-5.4226732254	0.0300411321223	0
-9.71839141846	-5.42283678055	0.0305975005031	0
-9.64608764648	-5.42296266556	0.0310795865953	0
-9.57835197449	-5.42307424545	0.0313562117517	0
-9.5170955658	-5.42261981964	0.0314952917397	0
-9.43824958801	-5.42150163651	0.0314931757748	0
-9.37048435211	-5.42045354843	0.0314336009324	0
-9.31027412415	-5.41941595078	0.0313736386597	0
-9.25812244415	-5.41854810715	0.0313130766153	0
-9.19735908508	-5.41750717163	0.0312512740493	0
-9.13177013397	-5.41638708115	0.0311934947968	0
-9.07542800903	-5.41542339325	0.031153568998	0
-9.023021698	-5.41452264786	0.0311356782913	0
-8.96279716492	-5.41433238983	0.0310973972082	0
-8.91129112244	-5.41399002075	0.0310791358352	0
-8.8480796814	-5.41361427307	0.0299073755741	0
-8.795545578	-5.41325902939	0.0302518010139	0
-8.72245407104	-5.41273212433	0.0310247074813	0
-8.6679983139	-5.41233778	0.0312255658209	0
-8.60690116882	-5.41189861298	0.0306957401335	0
-8.53475189209	-5.41139507294	0.0300749503076	0
-8.45566558838	-5.41080856323	0.0298783350736	0
-8.39146327972	-5.41029834747	0.0300461575389	0
-8.32660484314	-5.40975952148	0.0306909754872	0
-8.26625442505	-5.40925645828	0.0311086289585	0
-8.20831203461	-5.40877151489	0.0313463583589	0
-8.15698242188	-5.40833950043	0.0314624980092	0
-8.0794506073	-5.4076833725	0.0315354056656	0
-8.02179527283	-5.40719223022	0.0315309241414	0
-7.97086763382	-5.40675640106	0.0314992070198	0
-7.90551424026	-5.4061923027	0.0314361974597	0
-7.85541248322	-5.40575790405	0.0313798636198	0
-7.7902841568	-5.40518569946	0.0313356071711	0
-7.73205089569	-5.40539360046	0.0312470309436	0
-7.6797914505	-5.40542316437	0.031197572127	0
-7.62882614136	-5.40548706055	0.0311582423747	0
-7.57512283325	-5.40554761887	0.0311267673969	0
-7.52106761932	-5.40561389923	0.0302927196026	0
-7.45998048782	-5.40568590164	0.030706660822	0
-7.40396499634	-5.40573549271	0.0310974922031	0
-7.34124851227	-5.40578889847	0.0312053114176	0
-7.27302455902	-5.40584278107	0.0311939455569	0
-7.22034835815	-5.40588331223	0.0311631560326	0
-7.15337467194	-5.40596437454	0.0300745666027	0
-7.1027712822	-5.40598583221	0.0306473504752	0
-7.03515434265	-5.40600585938	0.0311326123774	0
-6.98111963272	-5.40603399277	0.0303456932306	0
-6.87537431717	-5.40605735779	0.0305936895311	0
-6.805996418	-5.40604162216	0.0304480567575	0
-6.72152471542	-5.40602684021	0.0301263164729	0
-6.63099098206	-5.40597438812	0.0307051539421	0
-6.56660366058	-5.40592336655	0.0310776494443	0
-6.50529813766	-5.4058713913	0.0313224568963	0
-6.44876289368	-5.40582084656	0.0314655974507	0
-6.39146089554	-5.40577554703	0.0308106634766	0
-6.29931116104	-5.4056930542	0.0303475894034	0
-6.22383403778	-5.40560340881	0.0308362264186	0
-6.11702299118	-5.40544509888	0.0313123762608	0
-6.05415391922	-5.40534639359	0.0314655825496	0
-6.00002145767	-5.40525817871	0.0315476059914	0
-5.94818782806	-5.40517234802	0.0315869301558	0
-5.87002086639	-5.40503787994	0.031590230763	0
-5.81355190277	-5.40493774414	0.0315599739552	0
-5.70639610291	-5.40476512909	0.0302920974791	0
-5.64611101151	-5.40464019775	0.0305947232991	0
-5.58793592453	-5.40450668335	0.0310565512627	0
-5.53429222107	-5.40437889099	0.0312834382057	0
-5.45459985733	-5.40418434143	0.0314679890871	0
-5.39582061768	-5.40403699875	0.0315084382892	0
-5.33878803253	-5.40389633179	0.0309011563659	0
-5.28385686874	-5.40376901627	0.0303950235248	0
-5.22501850128	-5.40361785889	0.030165489763	0
-5.15906524658	-5.40341997147	0.0307168681175	0
-5.10346698761	-5.40324211121	0.031063998118	0
-5.04739999771	-5.40305948257	0.031302113086	0
-4.98026514053	-5.40283584595	0.0314656570554	0
-4.92149400711	-5.40263843536	0.0315175913274	0
-4.86558151245	-5.40244674683	0.0315166786313	0
-4.7630200386	-5.40211439133	0.0302783269435	0
-4.6996011734	-5.40188407898	0.0302541851997	0
-4.6375784874	-5.40163660049	0.0308102127165	0
-4.58175373077	-5.40140676498	0.0311678610742	0
-4.52683734894	-5.40117740631	0.0313751772046	0
-4.4622926712	-5.40090465546	0.0314892306924	0
-4.40400695801	-5.40065479279	0.0315226018429	0
-4.34906959534	-5.40041732788	0.0315101221204	0
-4.29164171219	-5.40016651154	0.0314673259854	0
-4.22932529449	-5.39988994598	0.0314028263092	0
-4.17391872406	-5.39964199066	0.0313402675092	0
-4.11649417877	-5.39938211441	0.0312777906656	0
-4.05391931534	-5.39909553528	0.0312178619206	0
-3.98899006844	-5.39880275726	0.0305961333215	0
-3.92024564743	-5.39850568771	0.0302151329815	0
-3.86896109581	-5.39824676514	0.030867440626	0
-3.81611633301	-5.3979883194	0.030394308269	0
-3.74634742737	-5.39764976501	0.0301575884223	0
-3.67581224442	-5.39726161957	0.0309179183096	0
-3.61803340912	-5.39695167542	0.030338563025	0
-3.55634665489	-5.39661407471	0.0301802158356	0
-3.48935103416	-5.39621973038	0.0307756178081	0
-3.42941880226	-5.39586400986	0.0311226975173	0
-3.3666741848	-5.39549446106	0.0307046361268	0
-3.29909229279	-5.39508914948	0.0306976046413	0
-3.21696949005	-5.39458084106	0.0312245227396	0
-3.1397986412	-5.39409732819	0.0314442552626	0
-3.06891179085	-5.39365053177	0.0315456241369	0
-3.00643396378	-5.39325332642	0.0315706506371	0
-2.94872188568	-5.39288377762	0.0315543785691	0
-2.89746856689	-5.39325714111	0.0315312109888	0
-2.82967305183	-5.39374876022	0.0314530543983	0
-2.770601511	-5.39432191849	0.0313719138503	0
-2.71908521652	-5.39478683472	0.03131429106	0
-2.65797185898	-5.39537096024	0.0312481913716	0
-2.59292936325	-5.3959813118	0.0311908666044	0
-2.54082465172	-5.3964805603	0.0301818996668	0
-2.48586559296	-5.39699363708	0.030453350395	0
-2.42661523819	-5.39752817154	0.031011659652	0
-2.37209796906	-5.39801979065	0.0312258936465	0
-2.31353092194	-5.39854621887	0.0312878862023	0
-2.25540113449	-5.3990650177	0.0312720909715	0
-2.18939161301	-5.39965105057	0.0312237795442	0
-2.12826752663	-5.40019083023	0.0311774648726	0
-2.07488751411	-5.40066146851	0.0311431437731	0
-2.01970219612	-5.40114498138	0.031114898622	0
-1.95745396614	-5.40168952942	0.0310908872634	0
-1.90424823761	-5.40215301514	0.0310757104307	0
-1.84794819355	-5.40264225006	0.0310637857765	0
-1.79718756676	-5.40308094025	0.0310558304191	0
-1.74539840221	-5.40353012085	0.0310497824103	0
-1.68384027481	-5.40410614014	0.0298391245306	0
-1.60018372536	-5.40480613708	0.0303414911032	0
-1.54542160034	-5.40523195267	0.0309146307409	0
-1.47395181656	-5.40578222275	0.0312461908907	0
-1.4225127697	-5.40617465973	0.0313110537827	0
-1.35802841187	-5.40666484833	0.0313019566238	0
-1.29523181915	-5.40713834763	0.031255364418	0
-1.24032843113	-5.40754890442	0.0312096476555	0
-1.18195056915	-5.40798473358	0.0311663039029	0
-1.13026165962	-5.40836858749	0.0311348959804	0
-1.07748520374	-5.40875816345	0.0311094839126	0
-1.024097085	-5.40915107727	0.0310897305608	0
-0.966239213943	-5.4092373848	0.0310800410807	0
-0.914873659611	-5.40924739838	0.0310617797077	0
-0.863791823387	-5.40924072266	0.0310540348291	0
-0.811105549335	-5.40925645828	0.0300835818052	0
-0.740760505199	-5.40926504135	0.0297157149762	0
-0.642969667912	-5.40917301178	0.0304915066808	0
-0.553003072739	-5.40904903412	0.031180029735	0
-0.478036910295	-5.40894174576	0.031360425055	0
-0.410687923431	-5.40884113312	0.0313764624298	0
-0.34182536602	-5.40874958038	0.0304557550699	0
-0.290666848421	-5.40868330002	0.0301045961678	0
-0.238963261247	-5.40860033035	0.0301786214113	0
-0.184318751097	-5.40848588943	0.0308292768896	0
-0.105403661728	-5.4083032608	0.031269416213	0
-0.047484498471	-5.40816354752	0.0314047820866	0
0.0193243008107	-5.40799760818	0.0314450860023	0
0.0776689946651	-5.40784978867	0.031421199441	0
0.137047931552	-5.40769577026	0.0313690789044	0
0.189594820142	-5.40755653381	0.0313146263361	0
0.243820220232	-5.40741157532	0.0312593281269	0
0.298258364201	-5.40726327896	0.0312096979469	0
0.353078067303	-5.40713739395	0.0301853902638	0
0.443538427353	-5.40688323975	0.0303900167346	0
0.527515172958	-5.40659809113	0.0311146043241	0
0.602312803268	-5.40633678436	0.0312778837979	0
0.660324752331	-5.40614891052	0.0303962938488	0
0.735315442085	-5.40589189529	0.0300367921591	0
0.823017179966	-5.4055519104	0.0299164336175	0
0.896659314632	-5.40523910522	0.0299195051193	0
0.979920625687	-5.40486717224	0.0299625098705	0
